20.3405 9.8601 -1.5482 0.6398 0.6598 1.6750 -0.3465 0.7738 0.0000
19.9923 7.1464 -1.2863 0.5910 0.7018 1.6542 -2.4947 0.6206 0.0000
18.6003 9.6725 -1.4499 0.7063 0.8040 1.6511 -2.1617 0.5505 0.0000
19.7651 0.6665 -1.2412 0.5922 0.9161 1.7293 0.5914 0.5466 0.0000
17.4007 4.5855 -1.3190 0.7559 1.0502 1.8115 1.2725 0.3957 0.0000
21.3919 11.9294 -1.7258 0.6476 0.7453 1.7532 -0.6521 0.3832 0.0000
18.3445 -11.0530 -0.9760 0.5532 1.1844 1.9037 -2.1058 0.3485 0.0000
44.1152 23.5071 -0.4827 0.7224 0.6919 2.0179 -1.6970 0.3265 0.0000
26.8269 -17.1782 -0.9969 0.4615 1.5533 1.6981 -1.4890 0.2643 0.0000
15.5357 -11.4575 -1.0205 0.6283 1.8759 1.7847 0.2890 0.8967 1.0000
26.9268 -20.6768 -0.8376 0.4397 1.6803 1.7615 -1.6006 0.7742 1.0000
20.8974 -12.3720 -0.9611 0.5342 1.7541 1.7581 3.1409 0.6929 1.0000
17.5181 6.8920 -1.4587 0.5775 1.7444 1.7019 -0.6735 0.6409 1.0000
30.9075 -8.9006 -1.0725 0.5799 1.7018 1.7742 0.2032 0.5796 1.0000
27.8567 -10.6145 -0.9674 0.6045 1.8985 1.7727 -0.9398 0.5595 1.0000
26.7512 -17.1475 -0.9914 0.4798 1.5138 1.7097 -1.5154 0.4167 1.0000
12.6700 3.2219 -1.4446 1.5537 3.7146 1.3777 -1.5754 0.9641 2.0000
53.0945 8.8186 -0.8628 1.5701 3.6409 1.5619 1.5087 0.8184 2.0000
