20.3405 9.8601 -1.5480 0.6398 0.6597 1.6749 -0.3465 0.7738 0
19.9923 7.1464 -1.2863 0.5910 0.7017 1.6541 -2.4956 0.6206 0
18.6003 9.6725 -1.4503 0.7063 0.8038 1.6512 -2.1607 0.5500 0
19.7652 0.6665 -1.2412 0.5922 0.9161 1.7292 0.5913 0.5468 0
17.4006 4.5856 -1.3187 0.7559 1.0505 1.8115 1.2726 0.3954 0
21.3918 11.9294 -1.7258 0.6476 0.7454 1.7532 -0.6517 0.3833 0
18.3445 -11.0529 -0.9760 0.5532 1.1846 1.9036 -2.1056 0.3483 0
44.1153 23.5072 -0.4825 0.7226 0.6917 2.0176 -1.6979 0.3279 0
26.8271 -17.1781 -0.9969 0.4613 1.5554 1.6980 -1.4896 0.2645 0
15.5357 -11.4576 -1.0206 0.6283 1.8759 1.7846 0.2888 0.8966 1
26.9268 -20.6768 -0.8377 0.4397 1.6801 1.7615 -1.5999 0.7746 1
20.8975 -12.3717 -0.9610 0.5341 1.7541 1.7580 3.1409 0.6930 1
17.5181 6.8921 -1.4588 0.5775 1.7444 1.7018 -0.6735 0.6409 1
30.9075 -8.9004 -1.0725 0.5798 1.7021 1.7743 0.2028 0.5802 1
27.8568 -10.6145 -0.9671 0.6048 1.8985 1.7728 -0.9398 0.5595 1
26.7512 -17.1475 -0.9914 0.4797 1.5153 1.7097 -1.5156 0.4174 1
12.6700 3.2218 -1.4445 1.5538 3.7146 1.3776 -1.5754 0.9641 2
53.0949 8.8184 -0.8628 1.5703 3.6403 1.5619 1.5086 0.8184 2
